$ANSIBLE_VAULT;1.1;AES256
61386336666465656665356234646463326363323232393933373166623431313733626335323739
3464653066363333363665346437366530616630346332340a326166623733333738373838396565
39616537666539643961653030303437616432336231373036393439633165333138346362313161
3936313530306336330a363532616538323935373565353532313866316533383130356436643030
61663663646230353961396164313164663835366232633462613735623934386136336632666666
37363764333835343430663164663530636461656436306561316233376633313763326133353038
62383038343133616338396436356366326432373733393739653464333934393631396530363838
33653563623935313630333831353733306661346430363738323337323632633763373065336334
61663434386235353266616463616535313434663232333233326661636335633665363031303837
36373263613336303034373565633065336233363531666235383531656233353965633238323666
61366664353964363061636537626166323130396231653266336335643833613861363364383831
36613130333638616562653864373337343135633930653032333134653262643532633264666438
38313561366331616464343566363935626338303163346165633833386438313363646339613261
65633333336463623761333066633864666535323634356432646135633539353661646338336238
35333565343165656233626265303636623834633064346564383538303530666135366335366466
35363561643138396462333430303831643165373633323363616466653566636265333331313536
37313237393564373038636239663363363231343637666466376130373134383766383765356330
31353031626332663661393032626163373935393763316462656432323837363162336161633264
63383239303965376439663031303931663064393561306333373334663436663733316262363533
31363733636131333065306239343434616635316636363739346561373437393862636332333166
61633431343336306431306532366134313839303365303830663662633164653938633164616565
39323633376262643334386532613364653764663538333163363162323434343630633630653835
61336538373563643234323862313538363931316432303835333863616662656238366438356633
34376439633066383862306534383138386464363830623463303962633432323935313465613130
31343365626231656231376664326537353830653230656632643139626162303561363262373065
36613338376661313364376238373639366364663861333239363438643534393631336538326535
34666665343433373135393934643361346438653530633862316538623932373739613538623563
61346434376431383336643265313732326466613463633836366165633830623636373532666131
64633232303134616535643064623232303636616535633438396533633233643734383036366135
32333065333163636339333064333031653235373839353936663336346562393336616639643733
31353137313236303463653764636438386535323530353430383535363735363366316134646362
37323763353762333232346334663830316233323632613436313166623361313131336235626630
61646163326538363938613466643564313830336133653962316530633732393334643462633763
37633765393264303665343339383232376233333561323363356231656439323232623866653061
31646466376364333764363137663336306166663064356533636237313235343935633139366634
32613065336565366634346161313034646539633830366466303561313036363033373564386363
37643939623365303261373465623437306330353338363863386462306135613036393936373639
64656139633866633637653463396434353964663266363661336163613061336438653165396234
33623165663737343137303037636535623632313662616364316232623337336264663930646432
63383162633430333864363832653566303539306135633662393562306630343132326334376535
64333031333766643837663532613235313536626363643463663234353130316666303365363334
36303631396539353063626562633762313433376362353661333566363263623635613863623634
39333337643835613338666335333664633533336533353632316262333433636133383130393335
62613333643639376537633265353764303165353235653639653463623664313336323232626536
61333539313434363735363761643433353933663462336437356537633463306436373236353936
34626534313831333364356234333062343233393135333266373731396663326639646633313933
39623562633466653830626234346338386436303635383235623266623764336262343233643565
66663463326161303036383330303064356638356164346533613236353464633861323962393032
66333636393166306532383234623531616532323366666262333238663038356163343035333964
66303162316137386263613862373131343634353131396264373337626565376461393637626365
32353138383738663735336435333036303938366363653138333631623766633065303564613238
64306636393231356132346466393161663230616333353861313230363164366262373334333531
36363735366230643438323762333633613230376338313762663633646632306132386463393034
32623865336162633433663534653130363264616261353630356135356336316661643166636661
31343332623939303864356632383539376336313365326131653939376335313932326531326135
66333032653636313463653839616165306131313635656461623739303561636663663839646666
34333432376137616366653662623366383432643438666234646665633962656230353433316261
34363239623736303666623765393632386334343933636339316231343765386437326638383264
34323133396535393838373338616265373438346335323631323633323232313566383465623361
32633033303065396331386639626330643932383432323433346364623832643433396638666264
33323332303565666435356134346339623232313432373834356639333732393461666563616238
39333436393264643835383764393661333464636563373634353032303966373964353837343435
32653939323361616530636333383035383035366432656132363432646430313562366566343339
65303364376564326633333839386261663834336233616635633832323638653934656266663562
36353737643630333436643135343038313433656335666532363036663661353062333062396332
37383733623763373165653332633764626265653666386633376138613931313831346664353961
62373539646330663435363033306332363938633030653461653032393366326564353437633336
36386466623430333662393766313137613631663739303237326238633732386262306430623136
61613837616232393834393231383830346535363864346461643861626265383932363730356335
33613063643036303761613036383964323931383065633931633333366365366631383739313663
61626635363337373235383966346365326134656539646233613230653365343137343531613761
65333033353133666334613733353832306639636432396338626637363364666566343361306265
34313161383163326337363837316435666331336335633835613961636430393535633766346134
30366237323065343265633031383937653238626537323137356531616138333561306438386562
39313537623065333536313534656239613836323866636132383333663634356639346334323033
36353736326534346664353465363531663538323934636464636139316663333662316263383536
34613764373966373634323164363731663432666633383062663461353562303036383562613131
38393138333064643733316362313738366237303837346462663139383034343263636434626132
64323832353664663839646234323362363934336236363933643636663937666637313163303539
33323966323036346435616235363061386562373538376233363839363935353661363934306661
39396665336462656664646334313164666562656537646235666431643130373364646431303439
65333831373265316433376235626466623030303735633938663234303335333663336339633661
65653635663366643366393062396162666139383164323438383032613833303437353131646531
64376532386536306463343965383834393138616232326562613664346334386132653736653262
32333833326630653337313739343035353964646632306636303461663231353433666236613438
63643135326538653964326630396137666237626533346564373361323933653362623163303935
37393265396661323833363762623466313662626236393831636565613535363630626337333831
36386432326462623361396235343131366436643336336235663365333462633164646436376462
30386139656330626634663966343237663938613539396238383030353837653638623664623739
63383839613464323963396262323264333930633062633436613537646463316366393961643936
62666139333938366538636435623539323166346464636563366438383966663332343032383533
35643530373338646264353463373265323339323666376632626334633933613266646235373739
63633334366161363637343366623336323938313930653963326230643732393761356364646364
36656533313739646231646333326633336539386132396638646633356434313334616464383538
64623834303161363361373135633564623663326561323363326632616138643861353333633036
66376235323938373966646635653731336265386263666437316135623865313839643432386163
62623633623434643739616534386238393836613839333734643633363431303336373932616139
34623736376361306564383431646431393437343236363933333732396264646635323932363263
33336136343239303336656165316134396438333837316539356162393535643061613532336333
62396364373439666565643032613862613734343363346664353937393664303564313734326161
31646235363530376138313864356266663165343563626165373433363562303436323263666134
38373935396661353335373162303962333564643839336632373637666131363534306561386239
39313264633339313962613531373161323530656436623330333532613035646336663639623633
65323333643532643330636436363233353566326663613339623463343236643634386165653938
65643831623164313931323638643436613432363861363737383230373730656437313163646336
30663063653830316239336166653830616633663963303333303632313531396336613937633735
39623132663831326264316537326639396535393963333165323038343863353939616261666335
65383132356638616633663062383934313935653932363237623132323430623938343330393462
65396438353034646438626230653065383631343734376233613238343937343539616235383137
30653431656438396665643938636662356238343731623761303563633763643032373230636533
65353738656466663866623433303839626166663031353036613336313166333363356633333837
61393066613732393365616662383639383765363734376664383866663039636238316638363166
64623231323031323066306365303831663762626461343166313862643035623865613761656337
38326633363563353462303565643962346135663335363833383032303936656361396330343138
34613562663262303630383361343064306133326365613337363334396663316233616430656434
66633666353734663766353162333566356637396132663435383538383666353337396632373264
32656538363731353838633939383564616138356631636666383062623335373062306338313538
30363139363730326534306537353462353533626630363765376162653365323963653038393666
62626663346336326235376464626665316632363064656634303561653439383863393038633365
33363633336263623265613237333262366365353661333565303739343865376365363366363239
37616466383839353561653464346437303032313666376137356231343532373235646138653362
39653837323831653838343932326363636638306330316137333437376164346262623964663863
37363430653163353566323365346361636434386631346462313264356434366236383664303538
64613232646264646332313561306638313464326231313966303332613739396236313235383638
61656462393839323438303633343764623861313434303631623133363334373837646634663939
35356133633634313430653937366335333463383837313332373732323934623438626165316638
64303936646465366538636431333532336131623264393532393033336439656534396266396464
39376331363165643164633538316166313730363362653133633137333361656665356466313162
34386130393934626638346131343062373038306533636234613938613236346561313339336262
63343839393764316164363436333163666138326537613138626362313132663638653335333334
62333733376238383564363664326130353639653434653638613566643737306164313139613738
66626231343462316131326563636237336535333734373462343862353839383435323033396439
63623431666631363134393638663066333238323732663066656661366537663036366661353237
38666530663139633336316338393333656635333138336564356362623831613137393339336535
64643634393363663462366366633839383563333038666162316463323863373864633435313730
39636333616461373635353966616232663630636632626361663364303864643739366666383634
3939
